64257
38008
88718
20207
60566
70104
86411
75259
30892
8643
97870
76380
39427
40898
3032
40297
92014
94541
18442
71453
46027
15991
5398
80155
77057
98068
89131
35603
74206
5834
65817
56366
26213
30297
82825
36911
5317
79534
21262
4394
89569
94180
82148
45817
944
57625
72633
95789
48273
4105
27247
82851
28376
14352
95581
60575
28836
32563
13556
27153
53288
79369
87725
20670
9108
69834
92407
47717
79707
49128
14814
68999
48324
912
80622
4064
35395
61224
13913
3927
65021
52574
20540
41166
37498
52991
53806
92373
22446
22290
21276
48653
55155
85660
1556
78168
36266
61314
28000
36569
30411
29915
98252
59116
49453
47205
51221
7067
69590
70315
59500
4684
52541
74719
62238
84689
14950
27242
46786
92865
90869
77610
36986
33206
77892
95047
28196
42071
82284
45982
88602
15142
78502
61261
14151
73728
7615
28219
8960
3
95482
51149
57036
68179
73155
39965
8607
79818
16452
52509
61599
27933
61381
97580
35682
49229
70340
88566
76344
81218
28412
4026
94458
47397
16030
65578
97101
87914
41240
33284
80477
12515
62646
80563
1422
13851
80845
98590
8816
180
17596
96934
77735
61830
80058
52210
52371
962
65293
5059
30441
75210
51052
17170
51481
9062
90169
97211
51385
3308
30327
65548
69779
63504
63842
11984
26277
34655
84924
65497
7736
73148
71574
94127
69260
43667
96973
18446
67292
55145
87682
81111
15333
60301
53858
51487
65965
41150
38634
75816
74144
13800
50129
42231
58073
6252
70206
15801
64426
6258
23657
76761
77049
25866
20542
72449
56691
8715
34226
81002
91547
99706
62538
29892
67466
99118
48174
93953
52902
86760
23155
20251
5772
35109
4089
8303
99098
16987
55348
43150
32629
57272
3640
2417
26851
51940
39838
55911
1787
34067
25035
14355
92645
54299
68242
20085
58442
70485
30600
16043
46141
57064
18888
39207
58222
73979
22234
26043
28963
793
61576
99447
41696
88602
76633
62342
90805
20603
58987
6606
41226
95104
38047
47289
72868
68994
87109
17999
19325
6689
18074
15927
76148
57354
10172
92508
53338
28986
95884
11615
11159
4100
48757
96211
13934
16717
55969
8177
70003
45997
68283
52592
29209
47112
69105
78624
69449
82843
94626
34683
10695
45249
17774
235
57552
35331
38410
43832
58830
61042
44623
355
40999
56091
32165
30026
49970
36202
56430
93348
25968
68938
2313
7082
99892
43474
77017
88062
49230
77713
98950
10948
67702
94230
6024
43528
6642
88420
68299
55658
21111
37224
43204
95014
43070
21983
45334
4854
31782
93721
98695
79140
60106
19491
65877
8415
90719
2114
4072
26263
65270
98438
40441
70892
44476
13535
22716
44715
33224
55724
68075
12924
6031
40921
2271
15056
66929
14951
96653
60124
91214
50671
52410
86802
88590
15385
68530
64007
8813
479
69992
26578
95024
39173
57470
24200
81372
83229
9278
7498
62757
35453
69935
8934
56430
68741
80511
70674
97310
99662
54359
99271
87719
99406
97338
40553
6442
94149
29988
51338
55615
6579
96472
33794
29433
12056
8645
82214
98272
70167
22494
96921
16362
54865
24817
80129
99019
7813
31192
58179
82766
73797
87684
51483
40094
46155
95918
66293
84651
83278
3970
53576
28449
24393
98783
16338
58766
13153
87132
82248
12726
77350
96740
81063
3435
23155
21386
4063
77709
39316
96523
42201
53333
96379
87116
71408
25467
81229
97207
36223
90869
12893
1350
8658
94154
19206
41334
24460
74813
87362
41341
5852
97666
93021
22285
38195
68314
21435
58132
36105
60868
6143
75941
28069
68620
37097
57265
74875
83314
37697
9664
91565
30876
90865
12929
42695
84633
5725
15631
8258
66976
87777
86812
94073
81702
67269
19593
43045
77458
59980
53805
94204
24798
88683
47473
36923
88618
987
28000
19402
25601
81601
5342
63710
54139
41453
1674
65190
24905
94301
17611
67515
62851
2152
7210
46126
42349
3611
6313
87756
19540
42708
32230
87920
44165
20386
32664
91036
55735
7970
18824
50566
97221
50818
20679
99751
60526
7333
17942
18708
38533
67858
26832
72300
74931
86882
91988
48387
66950
2190
10231
40806
54946
58894
50284
96325
93321
68081
66680
99656
91871
39023
20407
19772
33059
791
77757
26547
62707
5302
69719
99351
66130
11388
10000
13848
49965
85051
73082
88456
55234
21392
68631
98827
88117
25143
95645
11326
65470
32423
95466
31271
75889
60986
17803
26951
18526
93993
33156
1137
83839
10539
95063
72446
46014
66094
72216
87946
39182
39357
94736
72819
63104
70709
41130
47376
11976
72786
62450
83431
11570
26558
34751
15102
69705
71261
12771
49601
34942
74160
5199
13188
23756
95462
31893
34968
5164
24318
72616
28119
53331
87809
11608
37088
39019
96061
5044
90621
71577
18771
19435
91339
10545
34335
3872
14955
12513
60642
75482
82364
94824
7899
69028
33493
3129
64294
33765
56057
55852
56686
85305
82874
598
20327
36486
11773
37648
29252
5946
78958
73969
25410
15813
67903
3101
79030
27803
7693
88660
62668
58420
85155
75255
87776
7491
60092
99049
9360
83420
50451
37218
68679
48106
8047
18698
31241
35993
91246
61388
91330
86394
42554
85406
85653
15610
57583
70222
20366
19355
25825
95154
33773
57213
72899
18275
29964
50411
60027
44188
78687
55235
50350
74552
27402
58070
10559
54040
86530
77424
18197
2483
60555
41960
64878
41808
12034
96336
87543
94314
83547
47853
91419
36670
22155
16763
54046
24932
45016
37557
17609
94046
72001
80327
74206
17132
50798
17636
26640
50512
10495
64272
9882
47972
48542
78589
36018
4175
72842
19119
71522
82026
91289
57450
95175
55884
39473
1858
42512
47714
99214
45211
64676
11143
38519
30668
24756
47996
56556
86416
62090
38881
57139
54378
68398
11607
39707
98565
74013
91102
82507
77426
28407
70734
78462
68819
38703
93179
10491
9220
5434
52130
91773
14948
81122
57133
42680
10345
21516
47042
64270
93509
54162
35720
84666
9119
71631
41245
34058
28080
22573
35025
96611
92448
46394
52986
30799
59900
76891
59612
12145
13478
43760
3796
70502
24114
20762
7028
20067
92393
93623
98444
46849
14904
77248
44038
84883
2234
11490
73199
53692
57011
56713
85775
89988
49496
10141
53780
5704
41344
33645
61274
36122
24330
97675
88222
46613
76618
8545
40567
87497
37734
50464
79465
32342
5440
68845
59936
26314
49280
76817
46914
63974
8075
72393
19718
62586
83993
79886
96608
82346
75394
47868
67313
47249
27542
8743
72989
9602
58427
23245
69908
61414
99919
60985
49456
65548
63937
99575
2845
82746
1635
43648
25346
76099
31676
3556
22413
72184
21801
77253
95135
41966
3789
68066
35693
96263
35229
63461
86484
66280
55505
43004
51675
90547
89801
11329
29087
80853
14342
67038
51414
2301
83357
95019
92572
22098
93931
25860
6432
538
36757
91727
89991
92174
16984
67434
90955
73558
27053
49477
97191
26761
54462
29784
34141
65026
17765
88352
75058
6407
93792
22692
9787
49389
99830
65377
37146
61445
35159
16115
41999
89979
94629
58605
68417
40669
7797
37847
68292
63191
40759
56226
53876
37754
31185
85928
63286
57139
54307
79505
78690
36708
63830
60893
50520
67825
57611
14420
15292
17261
19442
83076
62584
65375
59592
41010
81002
10133
43696
86032
1974
89483
43883
7967
44148
87844
93079
75590
94937
44365
90112
40324
3169
77576
16547
92783
60011
679
20926
68174
82504
48528
52794
36633
54811
79245
70275
21666
67954
86884
71925
9123
28558
85798
12757
19441
89180
56024
64468
43209
2545
8742
88827
8064
49092
47949
33116
89010
76937
59209
8325
47266
31232
98717
98898
64491
82377
19853
6117
29684
48439
71574
28164
60476
91524
34641
6617
40247
83818
15673
46722
29857
71942
16402
53001
76746
12192
51936
76513
86854
87204
7696
6417
36515
66221
83105
25392
31776
71404
53333
43383
40091
65927
705
34576
78130
68332
61403
72248
47425
56838
1351
19852
12320
44666
5000
57224
48961
45299
90593
41917
77296
78189
43398
75252
52356
79661
11514
31527
60134
67586
44342
78075
98252
86771
65321
4187
89434
54166
11355
33921
75930
78353
79246
92249
53059
83898
78129
40054
75217
33864
93171
78874
68645
5901
35091
57379
26990
23197
58691
48112
24398
97562
72856
26780
76772
70144
82121
74360
88438
61485
32817
26417
38802
29920
66148
49799
22670
48614
9138
91710
97948
74694
33991
8259
26326
2570
84277
56907
38682
68763
78807
28014
11012
62032
4654
61180
29405
53682
14438
50582
76151
1989
21409
40889
19954
40284
45697
10984
97973
1074
87150
96957
31650
14281
72750
39940
99949
88004
63127
69494
58258
58333
56215
27033
6943
58084
19672
90924
96702
11385
13723
40992
33976
23468
92099
74762
96202
44017
13436
23056
82360
54698
9525
75615
48634
9321
68804
96464
30920
44263
53599
82023
21555
224
53543
13515
524
50377
60317
12607
39675
28557
99241
83167
50309
92375
80065
56445
17847
23727
22360
76573
81287
87995
5112
50495
98612
69769
93769
57573
77955
65344
27177
32512
69033
9954
75201
10070
91064
70416
10323
14901
7064
54327
66983
79563
18199
42793
60019
80774
44946
52706
80756
57763
3522
42770
70114
41523
45111
9948
304
27657
53501
3701
92429
94361
18580
56841
83264
48800
72241
89965
33394
98535
53871
78976
168
43232
45549
42187
32604
17889
88028
82344
44327
76294
28420
9035
27691
10570
62409
79409
84695
92720
34882
51814
3803
52853
79215
71620
90855
61317
33407
60273
10328
10516
83688
12249
64715
45733
98410
45229
96001
20338
3988
3529
49476
94540
19099
60499
49312
62888
2638
92055
85543
10310
32995
29119
6143
58722
83090
96506
68922
24805
67461
64997
92847
61482
19518
30128
91086
25975
13464
46070
63701
5833
98868
6258
64407
88652
57744
82435
39257
89922
15776
7288
30480
58812
88775
52776
70781
26953
87639
3723
96256
41439
68576
81561
28591
95210
53699
42305
8513
48911
86231
96085
82300
5043
53036
53155
20289
65495
16105
2046
31281
72990
48472
87200
82741
87159
64374
21576
7774
13788
18878
10052
99629
3705
20327
55177
88196
84621
78963
32403
28463
30983
54586
64820
9930
21915
71587
40162
94294
5836
90952
18796
83456
70435
44943
8335
15558
9622
65936
22137
48781
73213
93006
62192
51286
99825
70360
61189
58507
76960
11791
57677
86976
38508
15651
17983
24631
92032
77323
36774
63558
92518
35885
7138
66193
21940
38343
22006
50457
83999
24270
15725
55478
15602
95849
37934
60063
2659
69666
98981
82128
67911
57260
53854
74697
12879
96381
42895
92670
2378
47822
2747
26467
43041
43425
63363
98188
56058
10773
66351
4205
89415
3079
92315
27838
15460
43510
38305
94320
49296
32072
58483
5690
3904
47316
77649
15156
51507
76100
96302
30880
50343
22126
33817
42835
69252
22993
53699
72913
72769
56415
77392
26732
35349
82687
30872
87901
89488
15159
18656
54428
98631
5617
95683
87425
68480
32755
69089
10981
67150
54938
72721
54384
86539
81237
52971
68138
77938
43718
8661
86714
47383
27156
66251
43888
75274
49447
30084
31783
74406
75131
88993
18412
77107
2916
49029
11721
1490
9026
11591
77587
66158
50531
75938
11323
34339
27342
43303
97842
89188
41619
68671
53251
69726
52558
13035
92743
60617
49304
22154
84282
60327
5148
92792
12570
9813
97365
68410
74571
21983
89983
87599
9999
461
56024
68626
67035
35971
81936
87561
80946
10013
96100
47606
32880
69617
73269
18107
409
98753
66081
3892
37783
38643
88280
40640
83425
62753
17068
84567
71702
42377
52571
97546
17625
10968
73042
92025
74041
22060
95194
90820
91766
45757
9721
96078
67536
7680
97675
40099
42402
34012
9718
1100
37667
3008
73843
37321
94812
32001
26335
40139
26281
81763
21193
91214
2539
67980
511
9697
20903
81931
95519
3013
45035
3058
52242
43961
64228
61312
82642
95446
63899
30405
32572
64968
39144
65498
93347
87228
8713
15096
8129
88917
44591
47090
54254
47560
24972
10509
61009
2124
70951
90968
24182
20564
85999
86686
36564
37093
27317
24412
85720
40960
96724
84248
8797
46295
21698
24579
13807
48392
85124
68505
90252
41615
32266
23038
65802
42075
85289
56445
99527
33204
7034
68187
20534
34717
27156
78755
77723
96334
67733
98797
3815
16020
38756
21414
2005
30741
94026
58728
53504
82577
79054
76212
37742
68994
46721
70986
86205
70234
67839
89661
74971
63203
29555
56312
42177
2224
15183
24349
68324
43944
22282
39757
79727
74284
29294
71947
25019
84405
46919
37532
1789
87746
72291
57717
75392
38866
665
24238
1932
33819
62050
41347
69925
69540
45900
18354
44658
71774
23039
96093
85316
18536
72981
61367
72055
80083
65128
25652
80787
57282
77286
57297
84297
64431
18728
96177
62488
18828
29592
35603
81325
55451
52105
32168
64127
22667
18123
92698
11444
9485
71840
46599
93312
48287
17829
6879
86835
11984
13290
72393
85474
44799
31508
14720
34195
26379
80899
25851
91672
90603
13198
44143
75658
24597
96943
48206
56136
84770
59157
636
54556
4585
81221
76910
49925
6409
63521
17262
13690
91509
73039
10669
88284
2146
85865
90446
15283
2986
2526
12985
89726
60860
51098
1169
46449
11077
38381
13386
28448
69277
61925
47110
92926
24429
82010
32101
34668
53135
98243
17452
24404
42630
56378
84840
77990
58728
45173
60922
24599
65279
76814
9399
33966
55106
99408
21832
59513
31666
50694
63256
17809
97198
53572
21697
29181
22505
67223
38069
97352
76582
48633
66979
7258
78915
24803
18328
80175
3906
17242
43328
79960
27837
64899
18502
78089
44189
57437
61986
77342
71078
99997
35327
4821
52769
90674
72089
9810
47972
72211
92084
8941
33968
69756
26387
65631
29404
79964
37517
27231
23480
3291
31990
22174
64657
93714
74335
30617
36272
23189
74605
66999
23745
5972
45141
79231
11695
6079
16155
66209
5496
87731
34272
894
45133
2929
2141
1048
89372
41283
35228
89847
11451
64434
25563
82050
43587
29285
98445
36493
61260
48015
9305
43140
40035
18567
44870
81725
85151
32432
14191
46774
92295
80593
59142
46317
45743
76212
10521
26337
1896
59288
37357
19814
76654
73326
25545
93181
3355
61692
15678
48953
74935
27228
68351
69732
591
2917
50960
68311
19331
99555
46854
85888
73088
26370
38185
51866
69144
29581
54497
82495
35370
32099
12709
34703
28998
70042
18423
58403
71558
96326
32331
11492
44315
88957
23099
83119
54548
39556
75378
45251
6928
39803
9354
94641
89419
54211
90078
70368
12057
87809
17863
71532
71629
43899
32933
52263
80223
6632
80852
3383
30008
70069
97096
60657
76953
46312
58209
67911
66526
78134
49853
81017
34572
59909
32968
31045
33882
57268
7769
73725
29985
51098
82604
14230
60864
71239
24859
63112
94715
64424
62223
72047
7240
98005
74357
71194
81274
73912
16742
23865
45233
76034
21115
2668
9424
69005
16787
79964
27384
71884
56304
9549
34732
8434
11668
55324
57840
34549
45610
70207
54226
85957
1569
4589
86693
53418
25901
48806
1348
92841
74430
27877
37664
53660
74619
59501
92284
61263
74365
34472
17676
91414
41798
79149
70465
73927
26357
51499
88454
99773
71589
38838
36354
34349
44839
21530
28271
22209
5552
988
57727
82760
40848
33226
26166
32314
67972
46516
50
8291
24091
73402
65754
8125
29335
54668
98388
94012
93258
2149
55890
73535
98282
97713
92278
88669
20929
78887
60896
37730
2878
65075
57560
83819
78074
49605
94926
61459
12505
22020
5517
54120
35679
73638
37373
51146
15257
89667
33075
48480
6049
27287
61293
82093
89712
45502
88174
13290
47958
17183
20801
72227
19978
15792
61801
57310
14693
69280
45761
21957
95396
9724
15049
47437
59360
27082
43052
2193
67222
37275
81319
22225
26164
99390
39565
55605
92917
9984
32398
46370
8424
75578
30401
29091
34460
90528
19284
46884
39747
82200
45440
15147
66886
73065
8261
73573
63130
9640
27946
10683
49373
66162
74836
25361
66964
68736
64543
63937
43099
98657
38212
44371
27823
41164
64598
19570
78308
68155
8462
86277
60204
9554
57284
29410
67610
2188
3144
50793
65015
80389
78048
28402
2216
87858
79658
3933
66152
46188
56718
12573
4479
519
21749
57933
72516
76097
21068
27147
47137
79450
98546
85413
93516
11027
8949
1384
62505
6163
12148
93446
68526
77300
4605
61114
4367
4050
70771
61157
64110
16792
60217
59632
17950
78459
4012
38738
31586
72713
36960
98067
14257
60114
5472
18521
58027
76327
74526
54156
80335
90151
15746
92494
85415
86275
98978
13467
22332
23183
3304
88804
63941
48334
28473
87578
41381
10971
73813
63788
30514
35767
26329
54405
17007
82685
73694
44783
93734
20401
43141
49742
37539
97675
8736
18123
32833
8523
13550
11631
23584
96941
24456
11748
97628
35055
6822
49178
23143
46985
93539
44340
95986
7342
8022
9318
12735
48877
82349
78115
84448
38768
51188
66139
64941
94829
39802
49255
74705
58985
602
24823
66580
76272
93295
2165
65037
29287
3545
73559
60679
11075
49168
29894
47696
43185
42696
11668
95852
96019
15519
49987
40490
18727
78802
84933
73869
19804
76710
92087
16086
21033
69071
69674
40813
67341
41014
77966
26960
98283
76351
41759
17765
95597
41139
1442
97978
18418
14445
81040
41486
88884
75498
96516
61946
78008
31847
33162
76914
85154
2229
8502
96873
70013
4855
74126
6077
41496
18205
60375
80829
64442
35757
45875
556
8126
41515
75131
87370
74097
53870
86241
24409
44234
8757
35671
68727
31327
3574
77068
73010
27665
25095
39599
64325
68102
56281
73264
48540
71190
26101
60416
20851
16929
91363
45989
60912
9265
85588
22921
16684
79633
71455
35186
40373
99368
71268
80928
86586
84539
81744
82194
28200
8463
2739
31031
47490
60055
43359
40477
78614
17055
90409
78209
60768
99626
74798
2673
55060
76937
72237
87413
69361
34539
78081
45576
64025
94736
73532
74883
87344
78406
52398
38997
88832
37561
35574
61053
63422
47682
39587
20725
68000
78469
79951
69966
38842
72938
1559
29468
81596
36028
77256
16602
29979
97800
12158
217
28730
42483
52665
98690
35491
59843
73147
29741
1972
33735
68578
99234
60074
31923
4135
78628
66731
62082
55177
34634
5260
82702
20633
33969
93978
19048
15608
93964
37485
46639
6081
32366
57420
60535
60405
29099
50839
10528
64458
3359
45068
70917
86080
33870
38520
77627
69985
84935
13482
82305
18603
68848
33698
19402
72521
73006
23864
67572
6051
96111
32239
41900
94894
37178
30983
94228
40425
8377
9336
13534
95105
82400
45491
10801
64927
61601
53951
67308
24524
45920
69947
30617
97866
14949
3443
82187
25561
36815
37019
18676
88872
65262
97398
96455
21881
92116
76066
23356
8381
34435
97789
41848
50189
78472
71136
65443
98867
87014
61239
33088
65411
69436
76106
63447
88919
40792
27352
29749
8771
53426
79483
17023
3348
78294
23690
86969
8904
21843
87534
50859
25131
22670
86581
46597
57248
56875
55074
91509
17423
14837
87347
44534
13225
68692
41314
57519
94361
23696
95823
99011
42542
17789
51808
29619
77955
68094
77827
57906
85984
49787
92328
18774
64843
45869
49240
43926
84823
52515
75010
87211
1532
86066
96458
10017
22806
27583
84968
9647
83326
36866
28963
13355
91861
70968
53858
70358
29919
62539
23444
9718
33931
77242
91865
27188
55447
25709
26792
22134
18393
11736
56550
95976
99985
20101
10210
45991
76094
13268
85304
41411
65150
65153
46062
95500
62399
40948
13993
64167
20741
13693
25734
30648
14439
4895
12786
29935
17367
53441
43669
59275
37311
20002
60161
29431
67958
82413
87430
65529
98931
86766
65179
29405
40234
81608
3334
96139
10783
65427
17898
98142
34994
99994
42433
1618
95675
23987
92481
98648
27093
10869
67066
93172
6874
94956
67180
85461
66518
5914
12993
42718
36428
79811
7538
26986
74484
83990
38868
86858
70090
1484
49131
71984
12060
42631
9702
48646
51818
63567
70552
61926
23472
95854
19236
34587
97596
13750
33358
85843
90606
86251
4456
50972
71347
42472
34275
19819
71538
30030
49897
43978
30801
29566
28865
52122
51476
35641
91497
12560
32334
5196
78605
87379
2954
16350
5936
64026
165
51962
63585
48357
6696
8241
24344
51265
40975
1087
44817
58264
78446
46250
73762
84765
96203
27340
1796
28114
63554
90882
88302
97336
26073
50551
45509
75388
25995
11080
35253
3160
21756
35903
44910
9733
44785
84551
17939
9326
62494
62907
71792
38051
31552
223
61805
96290
38937
13303
89543
15097
83412
64203
82405
24686
86751
30707
32604
99895
23186
65019
38561
91358
98572
56265
98488
80271
86304
63425
8326
46904
5323
97272
10858
57742
37170
82794
6486
46972
48867
85261
86922
38571
13239
33817
59158
55834
76491
44362
64752
27945
51942
74333
91934
6278
2612
2193
43133
61458
8713
49457
37201
52450
2268
61386
51101
7862
99559
87605
60939
86894
92004
29898
64422
79065
81615
26917
55229
30582
18230
66655
69307
22402
69922
91959
99687
55011
6993
96919
41882
88096
73639
81185
45812
87998
85801
71247
29714
14029
21621
63215
56262
6463
86162
61622
92741
93510
98456
8680
44738
94733
60879
76673
71222
47787
87884
39639
89576
88095
22019
15638
26663
91288
38778
8978
83868
57609
49613
99084
71344
48482
68737
40236
38752
33918
41862
53329
72888
34072
86094
98221
3818
92295
83100
92337
87989
91747
22640
57309
10539
94341
33437
67750
69645
89753
28429
18217
50869
12223
99672
64519
872
86887
79913
20102
55465
21871
38915
54025
73661
47056
51461
28323
37515
60544
18635
71246
58378
68308
96822
71273
76318
19810
70765
97890
89645
74096
89071
5217
54312
42568
85016
89785
82176
69026
23629
39703
67155
91416
37302
17910
34254
60595
71500
39463
85303
72529
86869
19782
99187
49074
48444
65739
53539
31324
63309
84240
83976
18402
33299
59502
82009
95603
13810
8289
9926
63775
9738
56834
64316
67250
29755
21906
86605
46757
89391
55008
71446
90828
21734
10367
98446
16042
75959
48350
99380
56640
80734
46202
3905
1689
89151
40736
29874
6882
25652
99679
32653
34362
42717
32218
97565
46966
74390
70197
17469
45788
26030
39119
25895
58335
34159
77408
20644
21070
60823
26438
87691
69350
51747
4058
56902
5965
33813
45784
40302
74124
51021
55992
72598
99840
87696
44694
71934
20104
10486
43500
40173
5699
91062
99433
22563
7815
56840
18129
71382
54186
81730
28682
66270
4317
25798
24415
10059
29416
42201
31638
80215
76576
46211
99247
92106
98184
50173
63812
99029
40560
88048
41185
54977
37269
4111
61120
63184
61578
22743
86757
90481
81126
33053
45635
80055
98044
76886
44571
6184
67278
89964
86915
60776
52661
64011
2566
49171
94812
92755
38224
10584
56952
14206
25552
26208
50854
92807
23089
32352
11845
59209
31341
55722
93567
26891
76874
9019
75748
86374
63750
18391
11317
82051
15382
80514
4309
71266
2956
4779
71043
70927
97357
53926
88612
23323
63883
28884
56296
11429
81102
96019
59795
84212
24901
38033
85057
34271
33602
85107
72585
87231
39010
64806
11668
98619
34500
86380
58827
96012
44616
46016
49339
57882
75568
85235
89740
83929
98428
15224
36237
31239
81806
7531
18123
50114
90711
94733
27670
44196
11843
36670
11418
71642
80878
69449
99096
58437
1647
59833
4042
44957
42267
57438
16562
78486
71572
75343
36489
21637
86409
69015
71163
58542
76343
95079
82564
48450
14389
56442
96152
18438
50264
42285
93899
47143
39091
67238
60666
60857
46395
66227
33363
8981
97152
17646
41254
59961
55927
48954
84318
95426
13613
8562
26904
57729
69889
56967
52171
18958
33628
51763
59421
5294
4838
55749
23073
29995
24781
68766
89795
52245
31880
62502
60683
9731
93468
99123
40673
37535
24587
23705
68190
30815
43075
36257
87287
90012
36340
10612
70580
76762
24065
44328
28701
84181
31731
51736
71776
35668
18387
82045
68105
35091
89384
91118
74645
41833
75015
82589
68571
88878
66973
7436
16948
36969
29212
90382
10223
73319
77460
64641
31959
8355
59168
93235
83908
50192
35049
85702
35096
54795
76799
23121
14792
43138
57374
93155
65359
15089
33433
50238
83293
54132
70017
11679
98731
84113
58891
71772
43215
10480
24150
21853
7265
58299
74680
74478
42019
96824
26782
7626
55182
63773
73143
98062
67876
71497
25461
99912
69121
71150
64587
2471
12578
43745
13214
37225
19121
80410
80191
83308
42726
93565
80511
35893
30516
90944
76379
17631
64461
79974
74851
55356
41247
16532
22401
37859
30242
5829
58982
56877
55161
84750
80334
44936
61041
47092
36920
85824
66978
90092
97597
50351
71539
15824
82354
47621
89317
29823
61638
23973
4642
22519
93398
59118
8030
42047
33192
34710
91045
84400
12797
91700
17100
55558
76960
94808
95144
42073
22532
51364
71422
77969
59303
15418
42285
65155
71819
34770
64489
23344
5878
14993
63704
48148
75086
15778
65817
39661
53513
1916
27114
7921
4695
90746
99609
15623
79848
50809
6368
79712
50251
32260
52058
16987
48027
65351
76854
96800
66185
17971
33489
87768
40492
90676
9739
43699
39332
24931
55509
97044
11824
82872
29583
70403
34336
13481
74343
9712
53249
51672
46533
56666
60498
2823
26613
37468
62335
84728
17358
26750
23147
44587
2434
44799
79560
22451
72319
91617
8081
90941
9017
57860
45328
69478
8257
60359
91184
98163
45141
23400
16263
4871
12857
31925
51691
59224
8053
41297
78479
80451
26154
45878
59590
83093
92204
28979
75569
34104
37467
44766
8747
50508
41321
77382
31730
47778
57139
3652
54330
50200
1662
84148
72750
4343
701
24722
17117
19048
69746
77380
19075
93128
65408
60937
24762
10864
96150
62979
48702
7243
51077
66382
32827
88965
41366
40512
28804
30925
56280
67148
48189
8203
872
7671
18845
39781
71550
7567
55405
53143
38516
18730
72219
3779
12848
3216
15286
47098
64487
3631
47785
25354
46666
72676
71403
32465
85548
24947
77877
85331
80451
23323
48945
71668
33263
20429
14339
6858
59260
77289
1903
38059
37333
19308
30251
37659
39301
13460
3450
25964
18094
63076
74829
3466
1506
48370
5336
70465
43393
68181
21390
1032
61137
1405
95054
23579
61544
52680
6243
78102
33105
9303
7578
25579
19561
88165
13048
57256
81504
36216
53563
62050
51793
85190
5238
49631
24577
42994
26340
12627
40262
4080
65752
71129
5007
897
80776
12340
10408
86373
94929
27044
61201
54408
12007
24090
95334
61353
25113
65421
91207
32564
80536
87385
78903
6812
8026
99866
4927
57948
98557
49753
18622
45326
91116
1076
61277
81609
76942
17410
26668
35871
7196
43283
61233
83815
74739
43258
11871
75273
29313
44079
99793
9504
68464
20562
65594
18981
22259
92317
87931
76263
46387
62431
73875
56378
88375
34110
50856
87734
85962
53183
75543
62427
38716
61556
42979
26777
71257
8883
42246
76515
44359
56597
34085
74525
67186
38680
42874
59956
65152
16033
91574
2762
73553
65866
65562
99170
3051
36753
83004
40725
13038
48471
91349
20131
72265
33098
25009
88870
46409
95831
19124
53179
95756
20130
27519
29453
20752
20595
68594
84435
85141
4441
17830
69714
93765
11335
17748
96907
28857
68781
32273
62355
18461
55049
7384
89183
72462
54596
93055
94212
5070
67313
79206
4100
19396
86894
39765
78736
49660
63225
8679
17472
39614
19518
60732
65991
36500
78850
85867
36993
91713
62503
23575
60396
72123
52128
44448
44257
90881
1640
85077
55580
35813
28618
99784
20910
3609
40601
94725
12960
91820
48855
46868
67917
95897
35730
51895
38760
51718
82518
84203
87393
29451
82411
12835
85755
88825
83048
43611
35959
74719
41112
3785
61198
54149
88492
9499
35402
72591
84155
1532
53136
59349
6553
51366
27074
95389
6492
27305
63743
34038
82678
68695
93899
2452
30860
67704
5428
11470
9775
66206
58116
8710
94804
7280
37241
37015
84915
90400
67074
38685
4841
44482
94201
50397
51806
50059
79719
92121
94689
89566
35396
30121
9215
40985
78302
18390
35434
75624
64021
31080
97402
66208
20723
48457
95923
68140
73355
43301
15125
24615
85817
51842
39395
20179
66309
36916
33046
66137
34799
96817
62538
54863
34254
30798
90461
61945
43558
24903
70295
53236
3476
68259
77913
77135
92426
94893
32992
24037
62295
10027
95675
47755
71655
56968
63713
89635
6215
7683
59365
38096
4603
10723
38734
78355
47415
93330
11976
91364
54980
76797
15209
94756
27311
95696
1103
98962
26639
96147
94367
56490
35132
9218
61219
3843
59176
11311
57132
45243
42403
15906
3904
15523
32009
95345
60580
76467
22743
57703
15841
82300
16822
21145
31303
16026
70848
30128
40002
48660
25403
79778
47691
93021
79294
95736
57243
84269
15247
8595
54899
33978
66846
22415
15367
65671
29841
54791
28845
16130
69716
92566
33580
92664
19428
99192
99634
95394
23142
37005
27049
19273
95241
79318
11926
53832
63970
91084
40767
50270
58192
47972
48404
21532
37717
8623
10102
5497
32138
5796
51105
6546
6411
89857
44755
84755
91918
44207
7041
74216
70289
35515
80235
77899
95371
93622
42550
30202
52371
59297
31624
480
46769
88048
87356
110
23511
22465
76961
89189
15850
78360
19278
16271
26504
71197
20812
32623
94601
70896
25487
3409
75815
67634
49474
68515
69462
99557
7449
52289
89263
31469
27429
35089
87157
20713
4966
7843
48471
88372
29362
81464
80091
86844
40357
66272
25981
34390
26381
80320
95436
88808
51445
62868
7354
26104
54000
36960
30063
63554
97080
79584
49094
5892
24924
755
29024
65644
22600
38155
83417
90171
68829
43635
24815
80747
76922
58920
27974
80183
75316
13742
53389
10372
90136
71576
47792
65673
30176
71959
84532
70804
76089
37608
81229
20486
73062
3400
29010
3580
94406
11423
26598
23976
52261
98075
57006
16671
40608
2427
201
38178
74584
98056
43807
81252
48886
31131
41042
38392
23639
83707
19758
30958
50156
92779
64731
49464
22811
9513
51221
88487
31049
54687
79392
67473
96881
49474
45165
16857
77761
53439
3560
23382
26622
78847
36898
35191
25331
41892
53938
66357
45607
98003
97537
59152
14522
72769
33322
57850
23793
80113
28486
4855
81419
35218
52430
77229
72016
51383
379
33676
82554
11748
90859
25019
90898
97258
29566
80240
99801
41998
71996
30447
30299
55090
33433
77125
28071
49623
1178
20566
99248
1949
66906
85670
35971
2469
59748
77267
52397
18565
26388
18252
26695
34513
41349
41077
7703
67506
11502
70788
81895
44578
8465
74032
85685
57795
21894
29484
95313
23026
61742
3288
37731
51109
30144
53006
59967
61495
49320
20957
29056
75100
88278
19149
43608
88929
29261
26464
41993
99908
11248
27299
40834
40993
77075
18395
7308
47876
95511
71477
22102
21504
12748
94503
15775
74561
20510
4835
17657
11134
90071
17394
56373
70660
94202
41425
44487
12968
54558
27795
56999
31968
23575
82789
9565
47399
98014
48635
50162
97563
7243
71644
98494
16911
50678
82210
41699
79123
61745
72529
66436
96057
4638
4616
90263
91330
1502
74578
76774
70294
96310
22538
66582
6941
72087
31228
66549
67492
98228
68309
66522
50598
50663
79812
8587
41213
54479
66164
63886
55129
81604
1364
10781
99300
80007
31462
69604
37686
75370
92823
80760
49033
60522
7480
38083
66208
84543
1790
18229
10619
96442
47149
25048
46606
75080
69582
46041
42264
74819
49801
12417
42353
14969
42242
13951
60672
60518
42375
71862
98138
45144
49655
13976
47892
5924
49773
3661
98436
3201
68986
29090
45824
72755
16960
18446
27575
98662
10912
82533
16258
11478
32367
54390
46645
80039
86000
33206
15758
80440
70910
73453
90881
73106
52442
74605
96040
79111
183
41105
51812
59811
74267
62394
46147
79340
20917
85686
55554
61978
2488
22327
26156
84558
71508
78191
13989
59008
89591
27526
24809
65358
20058
19568
26380
490
5768
11720
69988
55832
96072
94721
1702
42021
73734
80084
63444
36568
46867
85640
97946
92657
86289
43402
14714
36277
1628
15970
8388
67166
73129
84002
7385
81417
43661
85647
26469
7779
71655
32446
73890
53021
2532
11791
76979
57839
35555
28532
92237
80120
40763
41853
59517
49548
87667
76564
43557
44718
29611
3821
11770
32107
42057
35386
91748
23717
38572
47603
41046
58959
96988
71275
82851
18003
31211
63653
93156
84099
42152
88515
93167
71695
16430
25456
80554
34462
94117
32161
23484
31283
20569
57581
1769
41139
75356
77588
49110
22147
21623
26931
21694
34437
27142
75922
57862
6667
61000
16126
61302
43977
27633
4866
61354
74763
12174
56126
72648
99218
52906
90220
90764
15968
12358
7801
51124
5023
20088
38091
62603
48226
63264
76373
67355
4182
5198
53548
73620
50643
84178
31811
34663
21748
12317
19340
11485
64275
22965
16135
29959
3497
45516
45570
51350
23701
51679
16690
1333
41985
69286
61945
53796
68342
3794
20011
44281
61578
54207
38702
18076
30882
7860
6692
58275
15100
41284
37409
52904
80239
61659
78231
9500
78109
60611
3294
79319
77369
68442
30331
1599
25525
8714
82617
86362
17868
41812
1020
77994
2253
69380
72381
6719
53067
68736
79213
15986
49550
78437
11642
41255
32580
58910
3228
80260
21411
50587
70255
5105
26978
72584
22389
63727
22208
15472
84124
83938
71773
36288
68765
5279
85697
8862
3904
76523
89486
73998
4251
92062
28108
34251
31751
64109
96574
49973
65258
90907
95924
16754
64860
25595
5825
62568
57177
45277
65258
83056
29648
76229
12041
65468
77344
59669
6175
75573
61682
85006
84156
3650
85045
6430
98987
30586
59564
7774
54445
15317
49283
96243
83181
60477
32800
2263
31743
14726
16121
40650
42792
46108
59362
32754
29536
22952
17663
69912
71467
61417
48758
6197
50364
20345
38305
18401
93594
75791
59368
1828
4608
81295
116
50611
80213
22639
41654
45303
22716
21462
55955
23318
21968
79611
97118
53941
35692
55898
16200
83685
50936
67379
62976
50412
71836
82632
15493
77607
51175
97193
40726
47377
44910
22672
87294
38901
60903
16443
68412
99114
87280
31812
81728
66484
18991
79320
69300
40317
31728
31256
84954
20117
95465
27582
22021
61497
60962
19157
98738
13097
46121
47524
49076
42787
97527
23963
69569
95361
95185
63878
98428
29388
97435
80676
93974
52104
22150
37335
75478
45169
71522
27187
29381
61869
88308
36677
45273
82293
50828
15360
7445
34475
13371
97723
8666
4890
368
8840
33405
17143
10962
41900
43011
80529
51513
2818
44674
73848
89253
96615
7965
27089
33855
99584
10728
39519
13555
32082
4894
27320
20006
43424
69658
28282
85469
24228
63820
36333
97277
73947
76588
32384
30884
23829
18892
65821
19168
50897
23405
38360
27639
3444
70643
72317
97382
59392
52276
32067
49102
61268
12987
3459
35091
75639
58880
25279
81642
82133
98209
98288
49047
59787
23323
36253
83685
81772
58021
38496
35454
98777
93730
99209
65960
91999
13093
64305
45859
80740
4415
36510
97616
83082
37748
91120
18429
69427
81657
21057
62583
7509
81044
88823
16791
7303
66321
99622
32410
72726
2881
26593
23028
39275
57504
67588
67532
48342
13458
1211
32281
53712
32105
69411
44940
88032
44915
76202
299
23282
3634
26416
24844
98657
96759
17036
50467
64182
34864
58380
86804
18070
61526
48041
38663
73399
3763
77282
74689
70180
44596
57724
40062
85920
46171
68330
14912
94201
78767
11683
81399
25861
50805
68551
28933
19809
71883
60371
10358
90507
17373
65797
40422
66713
38157
97029
73808
64672
48897
18068
63482
29866
59216
54362
25672
57682
2122
54027
83541
94862
82195
33106
91243
9763
13082
77517
51714
69621
39399
40514
35925
2858
21625
51210
47242
96904
96100
58677
6696
97443
72030
29817
11657
80006
17660
60382
82307
57898
54423
22934
51025
35219
17271
4346
50270
4778
26001
44977
19694
92478
37335
53353
84372
13910
32481
43295
63761
23974
43842
38393
56189
96751
86119
33566
92753
80201
26343
67512
74648
46496
51814
54896
78649
67795
65481
98343
66660
69753
83270
81402
42512
33348
37683
67427
24581
89315
85419
13557
45632
39079
68383
31219
85620
58865
37738
58029
23649
39255
6069
59030
25392
33602
59173
14164
56182
85181
87684
15467
23951
93910
9197
43174
7363
25476
9574
95884
928
78427
90789
26144
36649
45819
57358
9747
9491
40405
80342
38833
32907
53259
10576
52428
72759
66030
2572
35710
65071
80729
43850
34954
31877
83777
47462
3420
91109
18712
58482
96336
44289
9901
15218
69281
82573
21332
5049
18189
50867
39013
33180
11477
24326
21473
66128
76462
59747
62321
21106
4563
58592
54932
34190
26331
57366
81117
44942
94600
41619
22238
47951
70693
70689
51896
10728
67090
57357
48278
54534
62566
31586
29785
11403
43419
66215
3158
74270
43362
80573
34638
98098
43382
54716
81501
82652
82835
28684
37127
52733
1340
27726
8880
87622
7964
16280
59976
1385
27177
40829
23858
39865
51040
70906
4328
80286
92191
51352
74709
94063
1836
9030
2046
1684
86275
64502
69968
62796
79944
4456
35083
75089
10859
2770
91516
96707
82661
91796
95882
32065
5711
46735
6409
78264
65843
5814
55928
29957
70841
91942
43525
19397
68767
9188
44666
82899
53226
55851
41967
64893
68156
47518
70229
11141
39106
85490
55640
22888
19797
68921
74088
98798
5831
31496
83772
25848
64493
78568
63183
17039
9194
95314
29272
53172
12296
90717
17822
15730
4632
25154
52824
3915
55495
19843
45111
70417
1190
86030
58622
96118
83592
70538
75006
3766
14198
73478
7143
79049
61676
9068
4804
73768
47761
78195
91469
12397
34992
21422
58431
59763
99473
76013
94432
41037
3601
32463
49420
82207
34022
7877
10535
5079
56396
84376
37434
86721
13755
32799
45016
23055
8292
77685
63203
16160
84204
66514
1879
82392
63095
91634
28278
84579
43723
21226
83546
11066
72995
54763
25087
52950
10784
31196
89439
63657
28068
16671
7634
15255
47050
91044
49046
62323
19460
15400
15126
20
46337
5161
86730
84457
19609
79482
7346
58953
84129
70065
13658
77317
4829
95627
40154
32135
34102
32456
99
52497
76683
7564
31931
24315
78708
12228
32976
94019
11453
49079
12912
82142
68942
83953
52721
70645
68047
3335
64253
34618
78378
49808
25195
67064
48436
17568
22108
63938
60226
95009
31124
11208
6818
17282
68287
77874
48509
90548
70606
93525
94794
4144
35783
58993
6984
41010
34215
44832
12955
26422
68594
42387
84793
40702
47341
8212
36116
22685
95712
65478
92004
400
20901
85256
71305
88347
77040
41814
4569
95542
26672
36659
53294
8717
25534
96275
505
25231
23893
33791
22898
14557
80257
62833
75991
65879
23019
66382
51178
39846
73608
53540
22809
44844
8198
52197
34166
92910
25273
20421
74311
12916
27832
23719
385
96738
74770
27920
83368
55997
42559
58867
92464
72182
34013
25436
26736
80078
27379
55093
75209
30725
2840
63247
28151
45560
91437
48665
52092
37432
3513
35751
44794
92859
60803
88245
71207
59409
30301
79222
90922
34765
62833
5464
76856
39079
273
78129
45409
72222
65103
43885
97173
94638
52342
52028
49988
37041
44174
40343
37558
26260
37075
90142
27958
4427
22158
2746
69673
24564
28450
31653
11789
76821
62861
6534
99151
26107
88490
41867
38720
95372
42270
74403
71013
54693
73905
14170
98785
53080
18217
75459
29153
23420
16955
16576
23879
60330
94695
54697
37653
7309
98130
62101
46164
64902
894
78176
71540
41440
96756
76519
7501
39165
24386
42880
47217
26333
1810
94459
4004
13032
15551
32332
69843
93077
36206
67042
15728
45152
54890
98469
29897
1754
3212
67563
71957
65397
41992
93260
53183
25191
85053
70359
14117
32369
6761
70954
28981
40548
19419
98699
99721
51063
23860
91737
85622
96853
51203
48989
5872
70888
819
15052
11531
12009
13815
27543
24906
92559
39946
50521
44121
95396
33646
25770
37722
69011
2539
97777
45053
8568
49226
1780
80733
29691
58158
69945
79588
16658
58721
34338
54341
28566
42566
49073
39962
42705
76821
48749
21426
97524
88288
83066
92769
40738
9174
85928
97740
750
62324
8321
87919
27624
71863
78009
71067
48590
85166
5725
36701
52631
58163
3259
59321
25143
97632
83671
38550
45546
87914
24220
24749
83630
87357
32707
3656
70966
99290
4616
36673
78924
89711
20484
92608
87197
18657
37358
1189
29003
94226
98964
75846
54964
38419
803
10355
28136
58091
33725
56880
64918
67025
76646
38066
70461
33841
93674
19380
66476
73216
90427
21507
36605
97484
27634
26630
45626
61039
6901
68841
76898
75346
47159
47674
37730
57908
14291
67244
3337
5918
64675
49931
5432
91215
95520
2681
45073
70952
52416
93170
4279
5958
26956
62400
44573
854
22847
52753
42762
62480
58347
70499
52591
84761
39807
74886
17384
73786
76037
25761
29202
26956
18525
88241
73714
6632
91992
94754
66616
26659
32028
17570
35105
16558
41824
16991
88645
27710
23999
31812
25766
54672
82821
15958
41721
60655
81226
92956
29266
72052
60030
85804
63467
16366
69381
4535
98263
36151
14870
92270
57416
70820
6358
28101
5740
38835
51875
13932
47098
34862
90767
83755
94917
55421
4145
11115
90422
47759
22284
36376
60041
22255
85476
3024
81022
83800
1224
60094
19884
47774
11165
2157
61374
33959
91308
46864
14777
10875
44140
73017
99494
86534
22978
39464
35331
69827
73864
977
3501
29680
97086
20286
67536
64564
7308
34381
94622
26642
48903
72703
50175
14478
14576
13950
11854
88164
90400
72102
93323
38587
87921
98295
12828
19529
49310
88823
10999
26635
55671
24278
57891
56391
9760
12694
1402
34821
71909
81200
31184
98962
5436
63387
98582
60810
83840
54464
88299
78448
83900
4553
58384
40424
12120
70615
82117
41407
84015
37015
64319
56502
52061
98956
75429
69024
20110
10185
1774
8907
66501
31757
81809
94217
74155
25023
20508
63762
66099
58704
74326
15159
8312
70308
37832
98906
12496
94922
40733
48017
89826
46488
75081
53271
58172
42519
90687
87904
50605
9977
28705
14405
53421
24667
16220
66633
86194
7422
131
20115
43893
98060
62799
45004
74236
77596
65388
15444
3490
19803
94691
3045
84364
11908
24961
66839
68353
43627
8830
176
31758
86694
88208
80781
6273
87163
10291
80247
42574
45749
86573
97718
18133
45968
92827
74383
88868
73952
18965
11800
40115
82969
19416
93471
97527
15975
71781
95149
80063
93989
87502
98822
17900
45412
2310
57591
17969
98162
7920
6957
98591
6766
53083
14374
43692
80567
82527
42021
30560
28353
21004
92793
96130
25701
78591
7072
13286
7865
42696
90651
17784
62958
5394
52048
84794
48565
81341
4366
23505
81749
37112
51953
78687
94118
31259
90034
18747
17823
56183
21154
56778
85207
45697
36743
93358
38801
19092
17513
74472
89770
61423
66914
78915
6574
78283
58466
86909
56777
16934
6039
51504
79413
95508
58440
88927
32941
4212
59556
57929
71300
47680
77993
25299
85990
99544
31396
17376
54246
78854
69696
5033
59546
20239
62670
47601
49607
75614
93851
58477
22071
97990
93516
89647
39890
82254
41542
64036
52997
70834
89553
45169
44412
48310
29533
7595
80054
26342
90324
25676
90159
19070
41241
38849
54138
72420
77232
95390
99947
54439
51099
6744
9166
13898
33753
15645
80927
7165
56525
31407
54852
69887
32825
75262
68658
72565
4061
79922
91985
18668
75622
78850
36820
59012
98237
38940
12853
58046
88992
20420
43304
88547
23802
44426
15721
66093
70352
70687
85453
51597
10279
97788
77130
48680
40276
936
326
41282
46991
25873
55590
35380
26279
72526
68781
91048
93108
18863
32151
72249
91062
30110
45310
96790
99780
36020
60377
45674
89689
40026
8300
9037
97499
82748
8691
61913
1997
19497
40797
22674
60281
25885
64352
65234
80740
23770
58726
3831
74832
38262
40603
49979
58704
75386
81081
48225
11369
69241
44747
23388
89629
4022
50135
58810
35196
1804
50474
9203
23836
20349
30927
81353
76296
81509
36602
80048
82995
70628
97894
15411
21986
47475
14344
61860
13852
33292
34560
30080
97668
94639
95187
89080
31206
10635
24665
54948
25035
23312
55120
10200
72877
22375
48725
89112
55241
16033
93829
34162
83858
21034
98761
64509
38314
2492
58933
90080
57303
25194
55013
81104
95588
52759
30892
53390
63155
6753
67283
93638
62349
57708
31225
54300
4247
68757
28550
70902
39084
59621
70068
50089
63441
5516
33821
56219
79776
71665
79704
42845
54040
81691
16860
62921
83491
6787
71504
26171
80292
18077
35889
82655
82610
64481
46124
95271
31382
87037
49524
96125
62781
54381
3907
58258
37501
51792
43820
23924
18449
88816
33640
74350
62930
83597
23981
25142
12452
49496
15884
40709
41313
10406
40826
48900
89976
94766
76347
71675
44785
56503
73081
53230
78966
49793
41610
57072
40549
49605
73740
79816
72271
85157
62574
54627
90775
18637
74424
29010
80200
75723
40795
41719
20729
73216
37836
60572
62113
38633
85559
87848
49864
67961
6952
97308
37052
89888
57675
59984
51283
8814
45833
75151
98545
99846
53490
32182
64830
40304
14548
9102
41502
84813
99794
19305
8412
85515
15474
59735
41390
13477
63789
52152
81569
73201
93077
49449
89865
17056
33419
28681
31934
55958
98841
78925
2674
34625
54307
25561
99988
54297
29730
93685
12924
48657
256
70280
8807
61954
84751
37105
94642
63759
59791
47938
92991
79536
71024
23726
59771
81560
71159
69114
11156
86443
17641
85232
81540
25077
20688
5092
61144
85885
24764
3894
96325
5381
51580
78892
78278
46548
48028
78157
66266
99503
49914
62720
47891
80099
62885
92490
42038
15678
9698
70
6568
31002
90487
71686
57702
71955
30306
48228
10848
70964
49387
47194
39590
12090
38384
6085
46715
75247
67892
32478
47385
61194
2790
16044
39698
47630
63508
57667
4993
16736
48533
39850
52718
83846
82651
73917
78715
52503
25033
11833
21963
47998
95685
43845
6970
56761
25692
71712
18368
84662
13420
45845
85487
31736
94344
35601
7952
34914
22417
66572
65219
81848
85462
63853
92877
40030
46389
14662
3659
20267
38228
99809
17069
99212
16540
56650
82626
18281
12810
52865
79175
98646
9736
73869
47465
14294
36529
64599
68565
78566
29126
65011
51370
12571
54156
92289
25073
68925
33716
45147
48642
68941
37821
49157
47559
99044
70960
10580
57376
50844
87486
36375
20551
30357
78208
84856
34278
35053
88293
27257
81117
71708
61095
61746
41135
92548
12653
44643
83207
55685
51324
43905
28586
49783
48182
73900
6558
24387
33640
27644
92930
5595
39674
16233
40831
52048
11642
56680
28670
99168
92505
18840
89356
53513
48414
47281
72358
14598
26447
69689
39718
62105
2971
467
56070
68676
8954
12652
18632
58076
3275
98976
36604
27573
72530
35027
44302
91133
14018
85808
96618
97099
34910
90475
49746
83681
11179
19634
56857
41589
97473
37546
18905
54762
53760
30182
18715
29795
10899
60778
55803
93971
54983
73936
49663
75425
26488
10014
18437
59540
54911
72387
58076
90858
26307
36339
64281
16910
42140
9101
59912
97842
62706
64808
686
8588
44675
71005
99098
42999
33990
70311
19836
51695
46188
39720
26227
60247
9224
20476
95696
88598
21340
96225
84587
74007
65498
52856
15065
57790
62914
73556
49091
84779
37398
87662
33662
38976
45408
78744
83687
32880
62236
32523
6513
60042
80005
47132
91914
35832
68936
32923
42112
43877
10904
77601
45854
62023
74410
16900
52108
84219
53112
43816
4696
24683
14456
12911
4277
92873
57540
82925
31439
63635
1613
72273
69550
76220
21148
27378
26680
37711
22009
96144
59321
6518
86278
40029
75995
98581
43786
54135
87768
23896
73862
16007
40754
81887
7534
80454
20574
30538
56624
26480
69754
4084
31698
61277
76983
33276
72160
20870
67851
11495
22001
76635
93983
7441
508
10860
79691
67473
88573
59650
63344
2809
31916
19406
1659
94409
67873
19457
98110
21287
29636
6585
998
66240
99226
85104
45394
21385
35721
66252
56193
98615
1401
22598
71655
18815
3999
30854
39353
9635
12464
41204
20579
16478
95524
32470
26906
12780
86837
38585
66607
1473
92811
83294
2876
47798
51029
22951
13234
35683
40347
52904
31205
6655
96551
77871
70920
15953
55801
26815
89921
76373
12010
262
30364
50988
87905
48122
29786
4119
81661
26068
53793
94436
27735
19120
37409
63683
95742
49164
56828
233
39056
60195
4031
21240
18996
34782
18759
88636
4205
18851
2933
32632
70990
45523
71640
477
49599
23366
61215
53755
45955
20360
11018
39123
43310
42811
23010
5116
18800
24710
99385
34324
76255
27196
87644
81794
23868
34565
61567
64521
74278
68368
58850
30089
62854
58809
32573
41634
64539
9029
37054
28611
98679
5869
53099
39108
61676
92486
69052
91248
94182
1357
72794
26391
2835
81591
15345
71180
24231
31039
13080
92487
62398
37861
33648
72390
69271
69148
89208
27105
8127
67793
62235
2808
33270
19577
55570
2450
5245
50819
8743
6350
34353
11875
85264
70802
86956
2874
2633
2134
7498
5869
30634
75863
8768
80733
5241
7354
7935
57361
48413
57293
87769
8074
55932
88056
47679
43985
5579
71359
25538
73338
75129
75442
34762
14447
24537
73320
78275
99789
74706
94261
29298
48790
73536
51110
99648
22737
87769
37426
34134
39232
8169
82993
92341
84708
81656
1095
51145
50829
58958
8301
16145
49198
93716
77173
45009
22950
43804
79002
6328
54663
59094
73771
71009
82913
97831
90262
94385
54420
68016
21400
62611
47727
92352
73771
40962
92430
58071
34289
73233
27861
46638
91228
38130
43800
78239
40287
72676
48933
66997
15065
39227
67876
32547
66086
87658
79723
18331
53836
88249
72572
50684
37838
25738
74631
25796
68937
85996
45780
36901
69155
99930
44168
86659
39903
47448
52367
54402
64839
24454
21522
52955
74441
88138
85507
29794
33036
42059
68520
59029
40815
56189
81907
25352
37822
90372
85801
34625
11828
11879
60584
96033
17021
6876
31120
40026
39881
78873
19936
79893
12829
99077
30956
91234
81449
31760
63117
32085
44026
11541
10979
59402
14500
16987
54111
54512
59788
6421
51246
61112
16989
33394
84702
95345
67902
59985
80865
49160
47098
65111
32782
7317
29448
36742
3702
26085
98000
98854
33277
12108
19087
72238
52265
64682
99721
86304
60932
37102
84762
98470
19174
35166
4990
80424
27719
18920
59183
31884
83115
58810
11304
21852
32157
19704
64889
47781
29938
44427
93702
73767
35529
16806
30821
45987
44631
25221
93386
51359
87249
50385
43082
99725
56736
48199
87299
22346
36868
20755
38455
14660
49681
46995
83100
65080
15592
99874
81184
48622
62105
30227
15773
56001
51535
79050
21793
48366
17558
7138
56428
79484
12854
33997
77109
8590
80944
71432
78508
32498
53703
11231
28942
47643
46896
13213
18739
17414
1955
56427
17047
25576
47991
11813
23032
89240
64049
79032
27986
21556
41510
34957
68260
76394
53791
4670
9376
67903
87143
48077
78649
51147
81246
95850
20961
64881
57792
56609
55412
67656
23689
26896
39059
17042
9882
75435
63560
80526
64491
74714
55528
48893
15649
49391
89222
19435
96231
91865
94946
57295
33824
88100
63282
48259
44342
79564
71467
21462
31581
56204
96983
22882
6963
10396
62107
34803
823
19634
63832
54268
80150
7664
39031
31817
58660
45985
15406
84462
22888
32533
97417
95040
6549
18695
83654
21535
70123
18778
74047
61077
46581
67520
21577
34973
32339
86722
60636
43042
87916
5571
14399
12811
46187
67465
51039
67855
66831
3915
82444
18517
18180
91021
57487
5007
42053
15561
44340
93352
18588
83722
98703
518
28221
85591
51025
72268
4126
50735
15921
48664
26993
13721
46627
99645
33580
9624
6364
42044
1923
26737
53587
56468
88624
61703
42000
33095
49850
68580
38533
38997
62030
79559
17672
45388
94501
48565
8640
12356
54215
6630
43076
88548
93866
57969
36184
37026
36484
39954
36223
9866
53214
77086
17062
89451
47896
62731
16161
36741
90708
22286
16881
97032
91737
46164
94644
58210
13333
53427
48435
23353
3490
20244
9658
52851
19795
34266
66745
81377
55790
97315
70088
92438
61991
76727
61183
21499
16438
22743
53155
22047
13285
77612
17383
84480
89856
52314
67658
40176
95979
23599
48016
25959
29234
30502
23077
18559
54832
48228
53695
99558
45108
61545
34037
89113
64341
1298
34491
56323
52051
17498
68806
84418
3108
65788
56897
7697
84235
6822
17870
77585
80980
63459
1103
77916
82297
20408
38652
35877
11798
85992
43022
8509
69672
48818
66229
59784
56211
79359
18277
15424
18563
792
37074
40476
93099
48532
35011
68615
18472
642
74764
79564
79534
21187
63819
14653
10932
60145
49501
12271
40872
54850
11427
29123
1061
88402
20698
24262
14169
66895
79441
8967
58317
78351
92792
17603
70890
88006
8560
33368
68679
38079
11459
73356
89381
86649
6309
9495
77283
58418
52593
59000
4288
99959
49006
13817
40722
3351
39357
11775
51546
86437
12434
98472
49831
92753
52619
87663
51022
81892
1911
19902
97175
19864
92969
64399
63716
24487
18693
74743
19736
37770
96082
42725
44680
25268
59544
96009
58511
37632
19062
38705
45511
63803
96145
21990
94027
39128
57481
16324
50233
5160
10572
60160
93541
26905
3303
37101
61125
71842
73597
826
12936
83203
84360
89162
78276
51390
52573
94248
43833
38467
22656
61770
10473
67946
96356
68785
6101
38422
67314
48396
22078
32498
18380
12221
65792
88019
4446
49202
70187
2464
30051
3362
19831
21417
59762
63343
19633
13896
26985
51416
62076
15519
65280
9492
72168
51495
67628
59046
5600
10914
45811
79538
62039
84775
33905
30739
93346
71007
85750
1561
88333
92698
65192
63086
59931
66367
8945
24021
78075
22503
81029
9747
80104
73078
21691
26418
19291
19754
47585
88256
73086
99226
24001
92905
5972
6065
79646
37760
79516
77744
80152
58877
72618
85497
97542
70429
4821
98970
27801
33262
83931
81600
85176
11064
81294
63169
49327
98998
43300
67040
40393
31205
15851
70194
41382
83044
35793
84124
59445
49336
39649
19312
31693
21232
67149
73704
1683
62643
24781
42859
80920
88522
70132
19029
85457
45333
69372
30597
93024
59032
30416
64578
78697
33739
98001
76819
2845
8698
24166
37815
89920
46385
81492
69319
16202
34899
88206
17481
32029
32852
87290
64028
53231
71752
67589
70522
37165
78792
10671
56491
13466
96587
99028
20253
26931
40586
49177
7493
63882
85225
70709
39838
71220
22105
94307
7925
54457
142
69161
96022
8466
51983
87553
81208
57889
23867
86517
90374
68299
89824
7267
26291
85781
38676
82064
36557
42254
73928
60436
26311
86129
29856
25622
55477
31445
15377
9811
52526
41550
17888
87964
94697
1158
9305
53942
93100
29614
43119
32889
43206
37744
7006
50864
12298
46096
56534
57314
47608
2461
64261
99509
16395
34986
55164
12235
28741
80756
14801
98699
60273
29153
65282
32157
33562
98295
17720
60249
5549
11897
61350
51399
49881
31261
83938
3506
71408
34705
31827
48857
46024
17381
86124
72785
79312
59125
18465
40213
47806
5727
6285
24489
21087
61485
95146
41937
71324
12640
20093
67393
28082
32777
37618
82679
44698
31625
28951
81325
1724
47460
37372
40428
45285
32945
57317
36957
94967
86285
50656
72880
26641
97601
30972
79558
42775
99613
42207
46768
12676
67379
97464
68832
6306
33631
75267
71582
89075
92014
6347
16922
50589
50216
59864
6374
22892
17806
75735
54330
54628
74097
46386
85985
98317
95742
94708
65358
2786
98379
47917
97897
33794
48857
19116
85779
58592
16891
29177
99600
68360
72452
26752
68188
71776
16408
40824
88258
57774
79266
76937
26170
81553
92971
98631
88508
78514
99616
86995
34451
80092
59449
58937
7817
85256
36244
11890
44017
54832
52285
55837
88669
63848
76593
92042
43175
75898
48783
11616
56640
56084
91925
75698
18503
77228
88483
82457
69102
69995
51098
24565
96267
23417
15683
19680
28522
94308
57929
67766
70253
34637
73410
26797
39182
45884
14812
97316
95365
55584
20824
53219
53731
80600
69343
51132
27552
37672
4501
47376
63092
11627
39313
21096
81894
77424
42863
85436
93993
6413
95196
38842
98931
88182
71871
28423
31679
85210
98201
35908
78001
70222
39010
33462
43467
59656
38979
3999
82586
42692
8883
3439
8667
19661
66511
29947
56410
34731
48708
23894
53538
12671
69318
68351
35019
72112
99618
25201
39753
75273
54385
81621
78089
20389
62498
41956
61637
65368
91415
23030
88543
16877
51524
29541
55988
4841
54036
39237
64600
50881
30671
98955
12514
58975
54877
80410
82279
63554
39475
38177
45417
35894
47758
38130
62809
23757
57234
51225
79891
59260
14863
12717
25602
73519
46134
62662
96724
80447
1394
39610
68280
82316
8376
66922
59027
90067
28878
25828
97985
36977
37669
41937
94043
95986
94759
50624
37782
53942
78627
12384
1594
61365
77105
57653
22032
79449
85696
24476
62122
64356
17161
38946
59459
2882
92683
93689
95876
85748
65462
40006
4295
81452
26193
41803
46592
29773
20915
5454
39931
95937
96678
68880
46549
72260
89239
93925
44316
91068
42100
11293
39180
38670
27624
82548
27863
41911
68461
43459
46008
18676
47038
24945
38988
78174
73874
75329
97990
59949
45154
14231
68115
45561
24402
30308
95591
58253
86180
70863
51121
56921
89768
65114
57287
65022
16156
22646
6893
31744
58060
88616
56801
52977
56539
55652
45850
75668
89162
7536
39827
49894
2215
89898
80429
18061
80285
72791
9540
44395
96097
577
73912
74233
2433
84814
19262
83670
62749
11282
35955
87723
93598
58354
10221
96198
29794
56700
67120
77563
96207
29365
81504
47576
85473
13067
56792
95199
43091
43136
26684
14872
52789
93970
37307
77993
82098
17538
11099
85636
56256
11714
43033
87431
95274
90423
45840
57022
99958
48457
26910
28617
72512
94763
83614
58669
6595
18073
13011
31456
42785
9965
88223
22255
96191
10650
34089
39331
90690
64474
79407
56279
81054
61063
77215
67372
74841
86600
33519
4580
2041
85431
78045
33011
80049
87238
85203
79411
4811
86208
50176
50470
73564
34682
21149
89576
44347
16910
89958
18213
9025
68716
54836
52834
75387
37520
45695
13904
54862
11008
43403
41015
68090
44054
54964
18082
67267
58678
87536
49015
52804
33873
57777
65461
88157
75238
2366
1263
58619
64916
96722
67250
7198
16045
27944
99215
73970
16633
78887
25941
17228
24385
41512
47578
97330
35598
78374
16033
96976
7744
76411
95348
26292
29402
68004
49065
49097
55961
87108
58485
71811
51917
11218
31031
78479
67845
1016
59642
12895
14399
23025
37524
2821
5277
17861
97969
20535
62458
47940
68659
59372
86170
28626
22820
79607
86956
47198
23067
25991
38319
2129
85962
66977
44947
95513
30341
97171
7422
25935
22565
83980
47197
8010
51527
54735
36867
46963
47823
51652
55241
51535
39285
31494
32960
61351
645
6246
44642
40068
8831
63154
47542
85819
24418
4553
93597
93967
55280
79799
25179
6242
57380
24045
2647
44159
55897
22155
27662
68435
20458
54983
66485
66486
29950
15958
52190
95347
63981
9545
70899
90054
61462
7633
26372
24593
68495
37566
74107
40046
51557
94280
41139
54149
65462
42510
61894
84910
67922
30851
10078
43088
69261
65375
12602
14614
86286
28081
71859
55166
51415
17864
24532
22059
81271
25735
3530
68931
25152
77830
72737
27323
1832
70970
71135
66326
91079
14620
90086
53707
58425
56625
2239
16037
38088
167
98926
17350
68861
95037
30143
70632
15684
39007
74224
59438
87672
49646
25465
10133
50447
79122
69155
22276
90690
70310
62659
23007
3768
8398
93415
30062
8784
34278
62082
23899
80900
28482
89900
70600
93595
55827
38864
68832
48630
623
21127
18897
80261
83348
27081
17524
52985
9861
70039
71678
47307
19486
553
34535
85465
70683
6626
72792
40863
66005
78653
11350
65079
11109
87010
56796
45549
69006
93385
68480
84264
54064
83725
33137
13645
76114
97769
59099
10976
21851
37128
58513
88692
59331
25241
22456
4917
71082
77627
24184
27302
44699
55055
11353
15198
48540
93403
65607
48257
33849
42591
21868
29239
8814
31316
69944
12101
2517
71395
71204
18536
90177
26650
43387
43307
21454
69698
36484
68942
9873
69508
98467
9778
20906
22784
59853
58099
90671
77367
627
75791
79786
31227
18286
32930
75856
49542
6807
41984
54478
17928
97293
30820
43087
79230
45635
29628
42085
28779
99630
80930
18319
36908
87200
36543
57381
74016
94643
33752
51580
12698
49118
11055
54887
74611
93621
94467
52369
1910
24655
70650
11178
28697
38870
38162
61686
37716
98094
28213
57061
79163
44529
43642
69927
28784
57541
45081
36562
4083
84795
56271
1836
3941
15104
11978
17614
29716
56509
72818
38932
28407
64581
98469
70235
35491
72959
86725
78552
89020
49987
10276
2029
64982
84933
18762
24214
72971
49774
20952
99726
43733
61958
28093
78585
76275
15651
73868
42502
44205
16717
85162
75968
85853
41587
17207
66974
80553
26197
47073
1177
79933
53247
76792
16062
69015
97546
52675
24613
14584
94445
7095
84415
64738
18632
41875
10041
71920
84357
44547
26354
96309
81661
88720
72282
51355
79682
85405
7337
96207
78691
29581
64435
13274
403
32371
57963
93761
19706
33191
12133
91914
32323
15686
28558
38686
77145
15017
69518
8386
73636
97406
60576
69280
50134
69660
31042
4853
2842
32483
23318
3067
537
31831
19226
87887
14088
68151
48824
82822
39710
49512
72716
65267
68531
84417
82519
31902
77276
70598
45770
785
51686
62164
14579
1964
71377
95283
74882
60219
88983
43144
61088
46122
93603
52248
539
7800
77055
20775
1908
79920
15825
55277
27302
72611
18260
41354
81411
5336
19926
61507
76498
10574
63709
87631
61753
40249
5453
41331
72834
96215
46027
73209
18850
94943
38707
52268
95130
93917
46062
49283
34407
15041
71342
41050
93120
35063
17320
48353
16679
40786
35019
19855
43260
43069
59666
43247
38413
27779
23488
96707
7570
16728
57763
99742
24740
14899
88532
7906
36233
59446
45800
34945
78227
32739
8873
56233
25821
41884
76408
45622
62441
86770
13014
65842
96447
35366
77777
87534
45553
16087
52299
2425
28974
32613
90813
2862
68390
64136
96428
1826
33681
60075
22364
73106
39686
58925
45234
31581
3198
66415
92512
70426
20187
56195
14379
7624
24082
7356
18444
34271
81464
88734
76158
24061
25433
60240
2536
29789
98644
44069
1788
66284
55264
10724
76987
45929
57297
88195
38338
82236
15677
36958
36833
4161
94863
15393
97766
63114
86156
48919
76517
7148
28702
62872
41166
62952
53208
47258
10956
22825
85515
73345
41935
712
557
64813
59777
50409
18598
90174
42989
39265
42202
58930
4663
2786
90903
76600
8188
47322
35299
50213
92170
15291
61489
45611
87500
12197
33541
74412
33216
39729
70170
39961
61957
56557
98852
45175
95795
66371
66003
96059
80197
46426
35357
21976
87862
46254
67740
59069
48179
921
93169
52234
83138
93955
68499
49032
83473
91575
89904
80788
65792
34185
48162
21768
79567
57075
6906
75753
71718
90238
13001
68431
70680
91605
24621
79970
4970
22346
38828
24235
11638
70585
3127
98401
41968
46212
68371
19400
55385
46989
94349
96720
68356
30500
51483
61835
8453
99938
31562
60171
56466
15103
14970
49210
383
48193
12059
89024
8621
19644
77653
96536
4338
58634
68562
34018
57003
28917
63424
51671
44769
69778
9041
49694
22327
57042
12532
9483
47295
5065
67432
66991
25329
84909
90367
9748
1793
21059
60907
56814
88309
85726
49215
56911
16294
48698
32218
37426
31494
22786
10361
86969
5265
48586
61411
33539
11028
52948
80543
46689
58122
40313
59860
39460
85867
68540
79058
4564
92077
99054
96077
30282
13800
94092
38442
29245
76168
87441
94324
92193
89675
20689
26730
20252
79348
92459
48980
38300
12676
95893
89689
23456
24538
12540
13209
50584
28735
17299
79642
96694
48596
86677
53520
65538
69620
7466
40197
4020
71508
58492
72978
42769
57703
48186
60208
45239
48473
44330
962
8748
56219
17540
52263
99017
43670
87059
60628
26460
70997
75924
59550
81623
70178
51136
65595
70895
76342
73593
75629
31285
40329
9167
99411
90741
44442
73038
61081
1613
15288
72234
9109
41015
99073
27484
39753
19012
56077
95981
94796
83435
48756
78994